41
63
21
71
16
102
29
40
105
68
34
4
62
28
10
63
106
65
12
86
77
52
50
46
78
77
87
98
30
100
97
5
5
89
50
10
94
84
22
50
27
57
78
52
18
63
54
7
5
20
81
38
27
15
28
19
56
4
30
29
11
39
41
23
74
39
52
61
4
71
54
51
54
95
81
49
26
71
104
17
48
104
9
52
31
70
44
100
21
93
38
18
16
88
80
31
68
49
31
63
18
85
38
19
20
86
67
59
1
23
99
69
67
26
64
51
27
58
68
34
18
22
66
18
99
50
8
59
72
68
65
80
35
3
56
6
77
17
31
102
49
89
40
4
72
28
2
21
39
77
2
15
7
83
42
64
44
63
37
50
76
46
18
100
41
63
96
82
71
61
19
20
65
106
102
53
63
87
87
88
42
26
53
73
96
11
52
43
44
39
90
20
38
13
45
67
79
90
22
98
78
19
103
10
56
6
41
98
7
22
18
94
66
81
9
67
92
48
97
5
28
89
103
87
65
55
83
91
36
1
32
87
8
40
82
86
35
82
27
94
46
104
0
18
40
92
20
97
3
62
45
66
90
46
105
69
40
71
43
78
16
26
90
25
53
5
50
33
70
28
26
14
72
100
46
12
32
49
31
12
99
29
26
52
61
52
80
99
0
13
17
75
48
3
95
9
103
14
41
69
74
85
14
16
25
69
10
71
58
96
78
84
104
8
89
11
15
102
102
10
79
103
71
2
86
83
87
86
38
55
92
18
43
54
31
38
72
20
8
65
33
66
48
44
56
1
13
80
33
43
73
84
106
55
53
78
84
106
67
21
78
13
45
87
60
45
77
10
26
15
46
85
37
105
25
74
87
95
28
1
62
61
89
8
37
94
48
27
5
37
16
87
83
43
63
36
104
49
28
45
11
63
51
100
72
75
106
27
2
30
94
33
32
57
45
105
2
12
7
57
80
40
64
94
41
84
39
35
102
42
10
89
34
14
50
51
39
66
21
17
23
80
64
66
9
31
33
105
20
10
92
92
40
80
81
87
37
103
77
16
97
18
55
2
40
40
18
4
30
0
22
49
70
92
53
53
59
74
102
80
71
73
33
63
45
29
57
54
65
42
64
58
54
89
16
93
99
100
30
104
87
21
103
91
1
103
14
62
98
81
74
13
44
51
14
42
18
93
44
26
84
58
19
30
19
60
28
23
57
19
56
27
97
77
57
79
34
14
6
59
15
65
46
99
38
13
81
28
102
42
80
32
98
40
12
104
21
48
73
89
19
52
8
43
56
75
85
54
91
78
29
73
27
54
47
71
32
51
40
2
69
56
53
95
20
66
57
31
62
74
39
22
55
79
9
57
74
98
83
100
0
91
57
59
59
63
11
1
21
48
11
4
96
64
23
17
102
1
32
105
99
67
11
25
7
62
45
86
75
56
60
31
88
13
5
61
94
43
40
39
48
47
89
4
19
63
85
75
54
59
78
93
8
77
31
59
9
44
23
21
96
58
93
54
33
97
2
23
14
92
64
8
12
90
41
84
21
64
81
5
1
24
95
62
47
9
21
103
100
70
57
85
99
16
81
24
37
37
66
30
102
106
100
18
17
61
90
39
81
93
76
75
35
86
35
9
22
22
97
50
73
76
22
48
101
70
39
30
1
60
53
41
89
80
19
12
102
59
82
102
15
54
38
36
105
60
57
68
66
75
41
1
83
29
26
42
70
50
78
75
53
76
81
49
1
17
48
90
85
103
44
5
105
1
28
36
95
55
54
11
46
34
20
80
90
0
73
67
35
46
101
23
22
48
31
3
30
47
106
103
42
25
59
19
98
83
9
56
96
19
21
42
50
49
22
82
99
91
52
53
25
78
79
80
73
99
95
16
50
44
92
59
13
34
96
54
65
33
90
71
82
66
8
26
87
93
77
37
105
2
17
18
75
22
45
71
43
61
40
79
73
85
2
13
2
45
98
20
86
81
16
77
98
93
84
104
39
49
88
25
41
103
12
40
38
60
96
1
25
59
82
80
10
70
26
38
4
52
29
30
27
17
105
64
72
80
52
75
86
2
26
36
69
42
3
43
10
44
75
87
50
61
64
25
96
53
98
97
3
28
96
10
0
73
17
17
6
86
58
41
61
49
30
58
52
4
33
43
38
77
48
28
35
59
88
57
34
69
57
14
32
74
97
4
68
39
9
49
103
13
5
57
101
61
11
70
28
39
61
31
42
66
39
1
98
76
45
64
68
67
46
7
81
30
99
92
85
13
58
51
