..............................................................................
|  SL  |    Range    | occur      | Expected occur |  (O-E)^2  |   (O-E)^2/E  |
..............................................................................
|   1  |    0 -    9 |      10    |       10      |        0   |       0.00   |
|   2  |   10 -   19 |       7    |       10      |        9   |       0.90   |
|   3  |   20 -   29 |      14    |       10      |       16   |       1.60   |
|   4  |   30 -   39 |      11    |       10      |        1   |       0.10   |
|   5  |   40 -   49 |      17    |       10      |       49   |       4.90   |
|   6  |   50 -   59 |       8    |       10      |        4   |       0.40   |
|   7  |   60 -   69 |      12    |       10      |        4   |       0.40   |
|   8  |   70 -   79 |       6    |       10      |       16   |       1.60   |
|   9  |   80 -   89 |       5    |       10      |       25   |       2.50   |
|  10  |   90 -   99 |      10    |       10      |        0   |       0.00   |
..............................................................................
|                                            Total chi-square =    12.4000   |
..............................................................................
Result : NOT ACCEPTED
